55.4713285 33.9651119 -80.1720792
-29.4058978 -6.4184514 6.9367483
95.6618122 -73.9369300 34.2486936
-27.1541168 -2.2328586 -59.3975579
33.2396751 -54.4673938 -8.3871883
-91.8555205 94.8579591 -2.5047851
-7.6772273 42.8294312 -16.8543701
77.6023376 -95.3413103 66.7012536
-6.3010518 62.2959625 89.1182977
96.6176756 -64.7635849 39.7311519
-78.2288577 -67.9472532 -81.4279452
-37.1875840 -96.6922631 70.8098251
-41.7967923 56.0095173 9.6193032
-61.1338647 -41.5923456 -36.1094445
31.7196447 -53.6957929 23.8860674
79.0677220 73.8868417 -41.2386129
-8.3590383 -3.0040404 -43.9223461
-34.2086107 96.8484848 -97.6111724
-71.4198463 30.3954433 -85.0013640
-41.5842595 58.6885944 82.3186202
-25.9216441 -58.9435578 76.0162654
26.5132900 0.7028652 -33.8312881
-30.5199633 -41.5176827 53.0794869
-4.3113400 -59.6925320 74.3125460
51.0357098 73.5116902 86.4647386
-51.6573469 78.4900968 53.1913369
-17.0634615 -35.2634787 12.2610478
18.1671958 -66.8834446 -2.7605870
89.8043388 -6.3617805 -20.6740595
83.7613196 97.1455251 87.8401323
-90.4729708 72.0751825 -59.7908302
-31.2781897 76.5065404 -80.3170441
-73.3475424 -46.4620844 -58.1374190
-31.8668185 45.3188899 26.3572917
-68.2438625 53.2427113 84.7771769
18.2156859 -66.2929310 -2.2626143
43.6668861 -56.7624490 22.4287465
24.0681023 -52.4961684 -71.2024707
54.4427806 6.1149083 -12.2615140
-4.4200463 56.8210650 67.3726775
-18.7478368 54.8371090 -99.3745422
75.3103790 -93.6641246 96.3496602
99.0429368 21.2060184 77.8486325
35.2671867 -86.2708166 40.0653697
99.8494436 43.5883338 -56.2776982
-15.5793129 73.2422663 58.9143638
-57.1753095 64.1308639 -32.2879252
-98.2367885 86.8412670 16.4937985
48.3922327 -72.0852211 9.0286471
84.7149647 -69.9041085 94.3815479
24.1030010 45.0320284 38.3224716
52.8017497 -60.7789969 20.5513609
-52.8057734 -78.3707958 -37.4299848
81.9834550 88.1522145 -2.9261568
23.2995424 -63.7618525 -41.9498746
29.1467792 -42.9883702 53.0054871
64.9255725 -9.9941244 -18.9524428
-66.0706945 -54.7788780 65.1629297
-47.9477725 -84.8448644 47.5282871
61.0261597 71.2985919 51.0149467
-70.9678385 -4.2564720 -12.2338285
1.5403907 40.8459403 37.6659366
41.1609021 88.9065105 60.7643308
54.8158056 -15.0787160 66.6859244
93.2739581 36.0610263 -82.3515767
32.5448704 3.1817444 -57.1830728
-25.2864117 55.8402576 33.2103320
-17.9189839 39.2546579 48.2321719
-10.5668786 80.0764729 -10.4052808
-62.1889826 73.0619682 50.1629205
42.4910286 60.4530732 63.2975609
-88.0679893 -47.0952274 52.0790579
-94.0166935 50.4275262 -53.2165222
95.3876431 0.1158405 94.9168868
-41.0770641 93.1637685 -37.5731688
-84.8153835 -1.1835968 -12.7381807
-28.0676227 -74.8470878 75.4530758
-58.4690449 -14.9849468 -16.8745742
-91.2362645 31.5282632 -55.7891873
-30.0903617 8.2885282 -13.0452098
1.5487358 98.3920021 -1.7956273
91.2609803 70.5560034 26.6019045
-76.6186902 -8.1616637 31.4785453
36.5247015 -81.7968130 -10.9589959
-2.4521236 -94.0068597 -2.4354234
82.3657242 -68.1033214 -23.3556846
-55.8728782 3.2297843 43.0793433
33.8506013 -73.7890465 43.5155640
28.5447126 88.5013452 27.8173577
-80.9912107 37.6272833 -32.9064887
-91.4078135 55.1527172 10.6454176
-12.9222245 12.1873867 -8.8858866
55.2309550 97.1283206 -31.0771204
45.1628815 81.0158521 -24.7112108
81.2025831 24.9032857 -37.3511814
-69.5794688 -93.2857147 -29.1766191
-28.3512619 30.6618329 13.8435666
28.9235054 26.5234530 25.4841869
97.4640715 -4.5592360 -88.5930921
-63.5853333 -55.4847296 46.4051383
-43.9166936 98.9880409 53.2770079
62.6053381 -13.4680789 11.9261358
21.7954535 71.3746732 -46.3971588
18.2556528 23.7372940 99.2568285
41.7892551 61.4541570 57.8006010
-25.8141530 47.5077684 15.4865389
-26.4147213 3.7300301 92.6560032
52.2122169 5.1409284 65.3098045
-38.2325059 -64.9907621 78.7609601
80.4898450 70.5344697 -17.9412524
68.0856120 2.7194516 97.6407047
80.0974795 57.2870370 -80.4905465
-32.5505214 -60.9561688 -31.4544115
-54.4322628 -0.8986426 -3.2111622
15.3949653 -61.4362092 95.3856577
11.3177103 3.0589190 -63.5753324
-61.0952274 71.1177875 52.1836576
63.3709791 -80.8897446 -77.1567377
58.2849290 63.7049746 -61.9654534
36.1650728 -79.6616961 -19.8079010
-40.1066422 94.7181567 -92.2124871
79.3836004 7.0563058 -82.1922524
96.9931472 -90.8446511 -15.0294808
-81.3755789 46.4123964 -78.0579992
-55.2836308 46.3901497 -30.5590667
81.2184144 -33.5640288 42.7127292
-91.8236911 -7.2408996 -99.0802461
-33.3936326 -41.0380803 46.2778928
-9.6781594 37.9554081 -89.8844836
7.1754063 -57.5942403 -81.2870161
44.5167760 -2.0887852 -66.3508504
39.3577989 -15.8149057 -61.6582888
74.8127948 -19.6796332 -43.6156075
46.4850801 86.5023765 13.9501426
43.6972449 -85.7683387 -73.8124454
1.0793318 36.5043310 -37.9619850
-50.9784347 -46.2606628 -85.9644656
-7.9762950 31.0815699 26.0753985
-34.8573077 -11.6982107 -67.8115805
-41.2424886 -7.5149356 51.5072509
43.5537822 83.3755552 -91.1545022
-92.2504902 52.9053657 -90.4595128
95.3783618 -80.7688607 -37.9129449
-58.9153259 -7.8408663 -75.1132715
-99.1665920 -29.9435353 -57.0580852
71.8184076 -14.7446589 51.9098748
10.4819806 73.0357957 -83.8174086
-97.1219773 35.5371366 82.6536518
-32.1562433 -31.2336832 15.2040501
2.2683088 50.5805443 -90.2165958
-70.7664247 -42.2954265 -51.1939675
-21.5414775 5.5032729 60.0732865
-53.6637170 90.6234986 77.2076969
-40.8854931 88.7911959 72.6059539
-79.5977970 -8.3903594 -20.0940626
76.0402047 68.4411739 -99.2267388
99.6874214 81.8998045 57.0125513
36.4313461 -4.0266709 -25.9315706
-36.5524423 54.8547153 -76.3854836
-93.5880181 1.4223867 -72.4050333
-9.4527205 3.0973160 75.3097719
72.3894087 -11.5751392 55.8993161
-95.5569579 -33.4820434 -54.1349706
1.8804153 77.1235201 97.0671663
65.7342606 12.7297474 -92.2648325
5.8614769 43.6347373 5.9675136
10.0820911 58.4679130 14.1681655
-48.6553250 -10.3293197 -3.7634805
-93.6352293 -0.3155335 -5.6214209
63.2195559 -78.2009172 26.8471602
76.5421232 -64.6029752 -84.6005421
-5.9986989 -34.2371440 -45.2236018
15.2947732 66.5318330 56.5340833
52.7956158 25.1767447 69.0501495
72.1664333 45.5964064 -34.9052061
-34.4562004 -64.4866828 -2.0790883
32.8970558 -97.4337579 35.5404694
-13.8949442 -5.7421997 -15.3253238
26.2491309 12.5686750 -63.1829679
-39.0965905 45.1822067 38.0074780
58.4754633 83.2680892 -44.0002959
5.6906164 -27.3685281 -0.8659955
-60.2453026 -74.4043232 -75.5147230
94.2638462 -64.2784033 14.5214503
51.5103731 99.5291256 45.2202441
69.2261658 -44.7789462 -15.7809043
11.7743646 -96.6662194 8.1839023
52.5709759 -25.7891091 -43.8603411
-42.1053555 -53.2493198 98.1589579
-56.5877889 9.4898923 -0.9061987
47.9610865 -93.3993639 96.8839074
-14.7276737 73.2763663 -63.3446993
-36.7261518 66.0241953 91.4863772
7.6283018 -67.1958526 57.6226574
5.7048273 -56.6713896 -49.4548051
-91.4220948 -64.8472878 -23.6541458
38.9526333 0.2247095 7.3393870
81.6733880 -17.6873600 57.2361692
-22.2791540 96.0412080 42.7649364
97.4681942 62.8745490 -85.1131698
-59.7239018 -53.5214469 -96.2855102
65.8237813 2.2438430 78.6240496
-63.7051820 29.4765287 87.7697117
-20.0667626 -11.9253922 -7.0862130
54.7398053 -75.9668330 -19.9120195
99.0252171 59.2546569 69.0535430
-10.5805041 -87.5137094 98.9933824
-41.0808785 49.0785510 -2.8268962
21.6231643 -58.7354665 95.0399764
56.5663726 -77.4999456 63.0643137
44.7755263 45.7135042 -76.6987313
45.5398229 76.6998772 19.0605081
-67.9531232 19.3092201 2.5699239
86.5497466 -97.0059193 -96.9973400
83.2110513 53.3863179 72.8010773
-30.9954218 -40.7693113 -98.5035802
17.9100088 88.4384802 71.1702645
17.3828150 -4.5488926 -52.8645810
-56.0441277 -67.7785186 80.9388371
79.8376118 85.1491667 77.2146396
-86.6268326 35.1778638 14.7926760
71.0221715 21.4024619 -15.4313369
-46.9222171 -45.5121331 89.1398298
18.3953828 53.6647377 -84.6237254
13.5895780 -0.7437017 85.6403538
7.9939937 74.2457544 -96.3071343
-2.2000107 56.5957929 -94.7044480
53.3556961 30.6907755 56.7388039
-5.3711566 -73.7075438 -92.6261242
0.0041257 64.9384631 -18.4969668
-91.6993187 49.6871263 61.6731658
-96.4504701 2.3198746 72.6435236
-77.8326439 -31.3941048 78.9313326
-75.4837815 -25.5766817 -19.7836979
-98.4739937 -64.1757456 -61.4133395
-74.5655700 -18.6971261 -20.9255399
84.7302304 34.8997062 36.1258006
-86.1772147 81.7744387 36.5034903
-47.7158830 72.1804660 34.3486664
13.7844443 40.5305074 82.4463945
19.8100797 -38.0279401 73.8909674
-58.2632079 -36.6425474 45.7528391
-25.5048573 18.5339863 -56.0145562
-34.7747231 76.5847737 -60.2374899
-34.8045348 74.1517307 58.6615443
23.3962591 5.9846712 -62.9637482
-47.2057997 48.7296820 57.6304626
88.2217472 79.1776496 35.3200888
4.4186717 -86.4195843 77.0766264
45.1390182 -24.9905830 -50.9665089
-27.6455358 0.2111761 65.5099687
-28.2632192 -68.3326398 4.5741502
-33.8091301 48.5461607 80.8340140
-38.1480465 -37.6894141 -88.9852143
-56.0343360 88.3786211 -83.9799855
86.0420903 -43.3872262 96.9024556
-10.2938858 36.2194842 95.5274558
14.8022954 17.8924506 -35.8328950
29.5717674 -50.2855483 88.3640967
-53.6843038 -4.0586712 -83.4176352
-65.8864942 10.9724368 -91.4042621
-6.7507234 -89.5874188 94.8899451
-8.9260857 -19.5940033 -84.7130280
30.9751607 80.3551741 -80.6671079
89.6986088 -48.1079834 15.4320985
-14.0859232 15.3321228 49.2544880
99.4684837 28.8183398 33.9217378
-75.5469098 -96.5903943 -40.3347491
55.5407656 -28.0641858 9.8848700
25.9328892 -28.5279790 42.5421960
11.9917256 -97.6626351 32.1837995
-17.2439478 18.5542287 91.5333185
-43.6200977 -90.0136037 86.5810874
16.1146274 -24.5800379 52.8304457
-82.3604742 -60.4292996 -92.8915526
-85.7124799 -18.0543868 61.4418196
29.0946226 97.3962937 -73.8704204
48.5533219 -74.8682212 33.0478907
-4.5740427 -74.7174274 -52.6011232
31.3812660 -50.8944208 -25.1582786
-87.8578219 65.7732619 -40.8223704
-11.8740414 -32.9847385 -86.4499781
-43.5450714 14.7947308 -77.7308321
-78.9003129 -75.6008929 -49.5270774
83.9561433 49.6854920 91.0546628
25.2367657 96.2448938 87.0803613
74.0218949 67.7562361 -16.8894510
-36.7009891 -9.9577225 -73.1496742
-77.2412696 -56.4718942 75.6158915
-65.1894601 30.5005302 9.3053888
82.1824233 -10.6362493 -32.2391088
9.1764527 71.3952625 -58.7303218
-30.1434340 50.5537775 35.8604071
-83.7848836 -37.2406982 -20.3115311
3.1325623 2.3493639 -9.1504038
-46.7774460 51.0962647 -92.3281405
13.4149012 84.2928551 -58.8292270
-9.4559915 93.3030906 -20.8362992
36.5524088 40.6757244 -29.1929085
22.2068468 7.7240028 -16.9245818
71.8290501 -18.0833953 72.6890943
18.2625282 -34.4392264 69.3007381
-25.5258324 94.3289442 -75.8395897
-47.9143720 -98.9591165 69.6173791
45.8206136 68.3751432 5.1459142
54.3389637 -36.8284784 -61.1550449
12.6532287 46.4824727 94.9323613
20.8910998 -18.9829646 -49.7677183
8.6674309 69.6152595 -20.9255254
39.2693603 -60.6080804 93.2388943
50.8989529 7.3229245 -95.3076284
17.4253579 45.1064056 55.2521235
81.4848782 -96.0766276 52.2072221
-12.9173535 -48.3361165 98.0959166
-85.8416832 26.4196526 97.7091811
89.3642440 44.3837525 88.0300633
-46.6088534 57.7609641 52.9291167
-31.5624785 -34.5729781 80.9783354
-37.9867094 0.0454634 51.3166944
-69.4098521 2.8342251 -50.3558160
78.9138403 77.8669220 -56.3700594
-87.4272008 12.4672304 30.7406549
27.4941602 -25.8834449 -83.8682397
44.4439623 -62.4370112 -77.3068293
-53.5190578 68.0030842 23.5515677
-7.0136433 -82.0775585 79.5039168
-19.8975004 -75.8874926 -66.0978143
17.1691894 69.4237269 -30.1543165
37.7137756 -15.6144224 1.0821485
36.9594533 -12.9955591 -36.8732698
-68.7491714 -25.6433000 -46.3058017
54.0623135 47.1163031 20.1893247
-22.8986226 34.9766622 -44.3879408
42.9889294 27.6335505 -90.2017820
94.5237479 76.6127407 84.6884967
-26.4459530 -49.7719093 64.0718096
12.5257573 69.9568488 2.0144463
32.7382818 5.7967430 -55.6936099
62.9629275 98.2402040 -16.3979512
25.7864641 -73.7329294 83.4964740
-32.0504023 -6.0746528 61.9351286
35.6623649 -64.4315384 82.9427532
12.3791091 55.0169462 -85.9840863
-49.6637801 70.1791608 16.7007650
45.8529026 83.8877977 -35.3354177
32.5659887 21.0651712 20.9832878
-27.5512434 10.9634628 63.2698464
9.7380389 46.9361121 -53.6326020
-22.6274799 -91.4486545 -67.8821739
14.6878799 81.5617938 -53.6357325
-4.0400684 98.5269106 90.0074320
-36.2144458 51.3250180 57.7406225
-75.4526106 2.1728840 62.4333533
-86.1687864 8.6986088 -82.9435315
0.0518606 88.8378411 -84.2958433
34.0871721 -3.2377485 58.4152904
9.2866372 34.6450361 47.3386650
-38.6815865 -59.4835579 22.4215933
15.7266490 97.8153475 27.3706910
-21.6505850 -97.5689112 58.2318052
24.5486631 13.4531196 73.6885016
-93.7869013 -56.9170554 23.8187787
-23.7874588 86.9032053 76.2376801
-74.4049222 -0.3591414 -39.6754201
-26.3008191 -81.5109195 -7.3958689
96.4160296 60.7423972 68.0766629
69.3065720 24.3646680 -13.8714963
1.3597417 4.6878419 -74.1855228
-78.7599383 -42.0349588 12.4766168
-78.8233041 59.4367567 -4.5373526
1.3019919 -19.7737657 -85.3868924
63.7544908 11.6338549 -9.2328328
-91.6849413 -15.2911307 -11.2044527
15.5014551 22.2005094 75.7753636
-48.5747807 -51.1714020 -93.0574561
44.2317305 -7.7491656 62.8405449
-94.2684929 29.6049322 -44.8766433
77.6384790 -52.4009610 87.6918256
-55.9191507 78.7102154 28.7690950
23.4784873 -98.3268400 20.1243174
-71.5435260 -6.4658883 -70.4675712
16.7049167 86.7569380 39.4237618
67.1871879 -70.9004255 79.1086690
99.1144753 75.0888657 33.3345482
67.0399216 60.1387932 -98.7440213
-7.4610470 -54.9186739 82.0359240
-31.3428280 -43.8711795 -78.6304193
-18.2133450 79.4391007 44.5693288
2.8264607 31.6793961 10.0377574
54.2371816 68.4456896 2.1757942
80.4969298 -58.3636724 -91.1701234
55.8659986 -34.4687104 -10.5613326
-85.1216864 -12.7363648 -83.3264975
-80.5326555 -24.2595070 18.7507181
-48.8165048 -21.6319725 -52.0682671
-50.8146135 -53.7678610 -25.4383020
8.1275483 -19.1366707 64.4035117
13.7786726 32.7782697 27.0002300
68.4021369 46.5027956 -2.1560027
3.3946222 70.2070446 -13.4808293
29.1997656 -65.3616804 30.6087109
-84.9387716 90.2425338 37.9229694
26.5563101 52.3209585 -19.7448881
-5.1708921 -35.8030452 35.9562684
65.4973939 96.0729880 36.9642693
-9.5808857 -67.6077732 -6.7255636
28.8289609 67.0957315 28.1452359
18.9719038 65.3446544 98.9085619
-56.0752338 89.8858239 -15.5624901
-46.6969954 8.3845095 -21.0099780
-6.0822608 11.3156801 52.1713148
-67.7569759 -88.2713012 93.9975828
49.3381918 21.7706473 -92.2935969
-75.0437103 35.2292405 -14.0696372
-36.9725777 84.4270082 -70.2905089
-28.0601616 -66.2434729 34.4163078
84.3932990 24.4083144 -6.7432433
-2.3376721 -19.3436976 -49.4184731
55.1534230 73.2516748 53.8652945
57.4390091 96.1743084 -31.2388308
-18.6266635 -51.2190852 -88.5003019
-41.4074368 67.5047038 -80.1743949
-22.8750209 51.4384556 42.9144066
57.0851421 -91.7429457 -84.9440205
66.5527379 94.2282703 69.5823043
62.1700796 -67.5293914 1.2253356
11.4395919 -44.2068437 -17.5735129
-69.1109039 -30.1186368 63.6696504
90.0314834 98.2808280 -28.9770979
20.7406711 -73.5988954 55.8160851
-59.0914834 -91.4545392 25.7785208
-48.4339043 77.0402949 -77.0197672
-43.5546092 14.9125911 -36.3232813
70.1566662 28.5213388 -71.8949039
16.5081889 -56.9832516 -44.8799499
18.9227025 -38.7602085 -71.0698035
-56.6373888 -8.9667276 -55.1285990
73.1133384 46.9079942 37.9058911
38.8381521 -8.7929176 48.9983561
-77.5191121 79.4254368 71.3620781
7.4112970 99.4506765 -55.6504530
-66.9870413 7.4579715 86.7734527
62.8958322 92.2797128 58.9470610
-83.5091076 -83.8168689 65.5282765
-90.2144621 -35.2751968 52.0815246
-97.7602103 15.5170242 27.2663599
60.2956967 23.3963717 -55.6274131
-4.9879364 60.1833501 21.7951433
-98.3614146 -96.4639400 -50.7019426
79.6405279 63.9008098 75.3893386
-95.6484200 92.1083935 -70.1023079
-22.5376644 52.3415162 -59.1076542
-85.4421348 -57.6749008 -57.9020546
-22.7621558 82.4135871 38.7440562
-84.5532622 -90.3131127 -43.8455086
-45.0471824 -57.5918140 0.3182309
55.6547877 53.6705608 -89.1579979
87.3011700 64.6511836 -24.7229184
45.5518259 94.5048760 -49.6654740
-55.9926135 -82.4537322 37.2746332
54.2935070 68.6790731 35.9639025
90.1707829 -45.8116796 41.4643030
-85.6430347 -73.9230181 -89.1797597
8.2645895 -14.5861493 -22.0690884
77.2693969 -32.9231174 25.9039705
48.5729751 82.2881567 44.9698457
85.0009706 89.1073437 56.2485942
-20.4556073 93.3266160 71.5277960
48.3130247 -94.5399655 -44.1330390
20.4237428 -0.7914914 72.2938164
49.5186501 -72.3493066 -5.3345285
-26.5686136 80.4736000 17.9096887
20.5949379 92.8904217 -13.3503135
-59.6574357 52.6202704 96.1171305
-80.0050505 11.0540189 54.4760697
23.3296211 2.0595642 36.6112364
92.2342233 59.9596344 85.6540190
88.5867136 -83.4010852 70.2589236
98.6707774 60.9235578 -55.1216966
-63.7085724 23.2180644 31.2274880
18.3065482 26.6373415 -70.3289090
52.5208373 7.9698609 45.2979142
-20.2332742 -73.4137747 -10.1053608
46.2298277 -86.4077897 -9.1159196
-17.8502288 83.4352499 -71.7721267
73.2884137 12.0873789 0.7379572
74.2234446 -4.4893267 59.8182757
-99.8041462 47.3172504 76.6397319
-54.7131895 15.8648372 -83.1512939
22.0675693 -30.4064117 -44.0109218
87.4860614 -40.8518674 -80.1070687
-19.0045127 -5.5456963 -79.8249146
-21.1990261 -42.7875272 47.7344817
34.2717183 -9.4287973 -34.6142498
-7.4389092 58.0901621 92.1470023
99.0482654 24.7850987 1.9484339
-30.6303281 -93.7475244 -85.2563486
-98.7637458 80.1272007 -54.4091927
-4.3309983 50.2259575 -84.7567623
28.5202023 -57.3643264 86.7246271
71.1506172 -19.3812000 11.9075976
95.9356294 -67.0947066 -75.6624596
84.6658375 -30.1935589 50.2361955
83.7410335 -4.7612626 35.4560376
94.3159664 -59.8565924 -84.2586496
41.4048715 -81.4151456 -25.2123766
91.7831344 25.5556048 -98.3961407
-47.1957335 41.8168646 -35.1616352
-1.2140908 56.5310536 12.8608434
58.9764925 17.5331640 55.9052953
-46.4171064 41.2215485 20.9590588
-5.5304726 49.7639747 2.1239398
-0.2293566 78.4112446 63.0909342
52.7284150 13.5366593 -62.8658342
-72.2292241 -39.8995280 11.2306479
71.7803961 15.2416868 89.2810038
-92.0663150 88.8833510 74.8960511
67.6924455 99.5400470 39.7707015
-1.1567103 61.8079232 -20.1191737
-61.0016067 -92.2319504 1.0788087
42.7277049 -11.4045002 -40.3412496
78.0107582 -72.0959878 28.4718142
78.9049440 37.6263081 -40.8145511
96.5593968 61.5032360 8.8181545
56.1540931 48.9766495 -96.4231874
-24.1792552 -8.3640957 -41.8716077
-71.9669663 -18.9021782 -0.3771168
-61.7276829 -40.8301523 -92.3497929
51.4280471 73.2726383 44.0614214
-19.0097202 -74.1958454 99.1233327
69.2504066 -2.5553184 60.2145634
12.9502650 -19.2912993 -24.2136543
-42.4400819 0.3458486 -68.2448146
-63.9015849 -69.6199424 -93.6699953
29.5299298 -49.0346928 -95.5844600
-88.0707826 -52.1793697 40.4670285
-57.1313251 27.6109696 -28.2953137
-9.5304687 78.9828571 -50.7653784
-41.1241609 14.2038572 83.3570332
4.8427143 -53.4209241 38.7675071
52.8419243 -74.9726409 42.4195425
-10.0975158 -91.5824932 -41.6318045
79.2556462 66.2320933 -72.7802798
43.8734648 57.8534602 -12.0855086
-29.7364212 -18.8310726 -95.1801079
38.2913148 -34.0497757 72.4868759
-20.2468245 48.9119763 32.8526879
-79.1665968 53.5056152 -67.6190912
-95.9277617 34.9960565 -37.2549467
99.5926276 -93.9956793 -36.6106939
-69.8350089 39.0290429 20.9785339
97.6270290 71.6633877 -94.9588172
75.2839582 65.4078332 76.2284939
-22.3715777 46.1090987 -62.0351670
-0.7272531 -52.6438370 96.0509540
99.5338944 -38.7929048 64.3414297
-95.7489177 -74.0171019 -61.5371085
-65.3247321 -6.5614947 -52.0854507
97.7581220 48.1205135 -20.8987967
53.6418132 -75.9415701 33.3321964
-89.7385706 71.9470321 -57.9342052
71.0871499 58.3461343 56.5868437
-66.2285529 -38.2137767 64.3367814
-60.2569421 -6.8738781 -64.2972134
54.3924123 -45.3123770 -5.6691837
-99.8163472 -71.6526621 93.6719930
-44.9372745 -42.0764841 -48.1896673
-88.6354965 -7.9849898 80.1351103
-45.6835606 46.2568231 -73.1288379
92.8669797 -14.0319958 -66.6405913
-0.4421608 87.5347030 68.0842220
-44.2492596 12.2229931 79.8625727
-88.3724120 -87.9148201 -30.8039489
-95.7049660 -9.4584958 6.9219350
11.1274506 -38.6663964 -64.7637261
94.7682690 81.0030556 -22.0668086
-61.7666870 -16.7438928 42.7435846
-19.5117781 98.8048185 -53.8517961
54.3524934 75.6285910 85.2312430
-48.9522136 -82.7812500 -34.3392147
26.7406263 -32.5393400 60.3544903
74.8661680 19.7313631 -98.6432779
-70.7964735 -75.3067064 88.0347335
-91.6882813 -15.5270600 -87.0722190
75.4440141 27.3310608 -23.5832342
52.4629528 -43.9674193 1.3174547
36.4306677 34.0928642 94.6765901
71.5537260 73.2717639 51.0513928
-91.5454217 -82.1455327 -57.6321768
93.2803653 39.1995005 -9.3595829
-45.1966584 -61.2031075 -50.7923690
76.2486644 6.4507519 -52.7890699
61.6876284 18.2665426 80.5350540
-4.0100141 -1.7187465 87.2288314
-12.6447581 -95.2377258 -84.5168347
-67.2773605 88.8408358 -25.2496207
21.5858097 54.1305885 22.6686706
57.8613127 -85.3830173 -98.3902321
-25.9405599 -86.4642783 -48.6260900
53.0440165 -24.3868915 50.5342716
-76.2248420 -69.3390716 87.7062864
-40.5077180 90.3930359 -75.0231986
46.2337663 96.8475988 82.0255296
-49.9112615 -48.8575443 53.1210814
-86.9918169 -30.5479942 -82.9922263
-82.5546800 -48.8073037 -35.9754782
95.4201249 70.9188986 7.2434401
-82.4189210 79.1722439 -24.8034421
54.8843953 -29.4055410 98.7137754
-9.4024123 -58.3478063 86.5416884
59.9115042 -62.4450369 -42.2878373
-34.5526019 -45.8370996 84.4829171
-41.8283045 28.2702133 -36.3320055
-35.5249362 -99.1844236 31.3888007
44.5903865 99.1479386 -33.4142839
-4.3018341 -77.8572368 -36.3486352
-40.8939454 52.8283759 83.9867478
-63.6574136 82.8138686 1.0867875
-11.9928523 -89.8275830 42.4268358
54.7742837 34.5809275 64.6792502
52.6793963 1.9022854 -59.2716303
36.2351580 57.0872198 52.8133272
-74.0520612 -81.8959730 87.8648588
32.1288014 -43.4534212 -91.0353023
68.3406371 -70.0169156 81.0156245
41.5032791 -77.2475176 -56.4732383
81.9580126 -16.5321604 -29.5373163
40.4804858 93.4436991 71.6568471
1.6964059 -21.2990415 35.4631973
-55.6396205 96.5839948 -44.4789744
-57.8118828 6.0370756 10.7892451
-79.1201580 -56.3667422 -70.1213480
-80.3291693 -27.5894354 -70.9250080
1.5860956 81.5274439 33.9282807
-17.2965987 -67.9893045 -54.5742328
-40.9909939 -21.6057262 -83.6774726
11.2698709 87.6931916 -30.1880889
-87.9220642 89.4343080 97.6629085
40.6577868 40.7301548 -67.8282818
-29.5947146 11.6162807 64.3266386
83.3565513 7.6723745 96.9793435
-40.0268594 -81.8527159 43.9904857
-86.5842941 77.0322468 8.9237872
-10.0497276 30.4696256 -90.9807514
-7.0749115 77.3082708 -70.0433998
-5.8926502 46.2107937 -51.1121757
-85.1880405 -72.2028666 -45.5397708
-0.6057297 83.8322744 -28.5717467
4.5494414 56.2973829 22.3553305
-89.9833398 90.6860950 43.5662580
-47.9056747 -9.0361405 -4.6489221
26.2951738 -43.9333593 93.7876598
-9.4663617 -90.3868948 -62.8211375
-30.2189747 64.3312978 -8.3412682
-70.6734395 48.9487432 79.4108665
33.7773699 -69.9218704 41.5836712
-22.6624314 -70.4028052 53.3869239
58.9226677 -30.0156194 75.3370151
88.9216437 72.3947907 -6.8276303
5.6158441 50.4872739 53.0095732
-49.0130899 14.3684130 -88.5661190
-71.5689269 43.7823093 16.1854567
-48.2621413 69.5559939 -90.2673241
28.3291090 2.7041443 64.6559383
-77.7032780 72.9830759 -29.2561737
-2.0822009 -56.2266450 -84.4764803
-15.1917093 -64.8530746 -12.8309027
-64.9197855 -83.4797384 -20.5609960
-18.2758911 -34.8400014 -74.9413469
37.8530251 67.5221971 59.6287954
-17.1219642 -67.4457163 -84.2925897
-53.2692330 -1.1150295 -34.2353841
-45.0032321 94.1012009 -69.3089065
11.5122234 -92.8512388 39.4682154
10.4018935 26.5754224 -78.6802464
-39.5419133 -63.4858901 95.9879958
60.5820754 -90.2606221 21.0444379
64.8857157 45.9704648 -66.0307801
68.8659281 56.2976582 51.8421080
-45.2850997 10.9596743 10.8255674
40.9246741 51.8101474 0.2389598
-1.9737821 94.3895245 29.9566142
-73.6479656 -93.2485166 -16.2527077
-53.9742397 43.1494169 59.6018355
67.4970290 -98.1486451 -19.6081867
-45.7471361 30.2504136 37.7062747
60.4710898 82.9431190 30.9450955
78.2028055 -87.4015746 47.2340335
-93.7458836 3.5385117 -43.9309325
-72.8421639 96.9412102 92.5530596
-40.9505124 -78.2633679 69.1599982
91.2513597 -18.4937158 49.2043390
93.3747098 -46.4628404 -32.0635780
-27.8115944 -62.6188152 -14.6872058
54.1444643 91.6349099 -74.7526090
23.1400291 -39.5198733 57.6371815
48.5983724 49.0890667 -97.5977217
-42.9957089 -66.6928271 16.0229537
-22.2443388 -14.7200181 -58.0255260
33.9542616 -8.5617897 94.2091048
32.5726750 20.0938405 -18.0145425
-0.9755280 34.4821714 -6.8939898
92.6221885 12.1228964 -54.5171977
30.6376866 72.9340769 91.3486893
-88.0483571 58.4282221 -98.3603023
76.1029649 41.6362545 -27.3137533
-31.5876745 -90.6974945 -58.6063345
73.0093450 -99.6021654 -12.2540300
-37.2752238 -12.8707948 -62.7499122
65.4104273 -9.7874159 -52.2192520
-81.0691775 -71.1323495 -61.0205701
90.3478851 47.6727731 -12.3723956
93.0703880 -82.1061082 94.4519035
-15.9735436 -18.6384561 76.7157730
-32.3727045 -0.7507663 -57.4125734
49.3539893 12.0575856 -17.0640849
83.9532358 -42.1436879 58.9343790
21.3925917 24.2409619 15.8581348
-19.0014649 -99.7537762 -48.5709450
-1.2480952 -39.7061923 -17.8159351
93.2028219 15.7964818 -38.9770161
42.1554273 75.6680446 84.1637720
-47.0941834 29.8361401 -97.8359353
77.7035052 -44.8106743 -2.1201435
-62.0689647 -94.4079606 64.4720390
-96.4715655 8.9884076 29.0558401
-21.9326644 -43.1893044 98.6438159
-62.8328057 -91.5776410 82.2674611
-95.1670400 75.2243058 8.3389800
87.4578862 -99.7709037 -45.1208948
77.2896148 52.5548882 -11.6631055
-88.8907785 98.2721308 41.7837171
-95.6374801 16.9816055 -67.3880359
-63.9335937 58.1606936 -9.7595049
49.1143691 59.1965303 1.9706166
61.8180723 -59.3104438 8.1776221
-55.5888274 -91.4195705 -63.4303981
-8.6734799 44.5902893 -28.6123744
-33.7529533 84.3545349 -83.7510679
56.7898894 -88.8437296 94.5710779
-11.0454147 -86.8080487 -41.8907094
-97.4338908 -47.8004702 -60.9141584
77.7789105 45.8740893 -48.4522993
-35.1061742 26.6348028 57.0546279
35.3651080 56.3721578 -70.2789275
-4.9482552 58.4411220 -86.5082919
-52.0244297 72.2248917 -62.9300980
-38.5300895 -58.8167654 35.5136918
33.1205622 33.6126652 8.3292757
1.8538340 40.8497495 46.3889295
2.1782152 80.3098035 88.5964642
34.9594884 2.9822267 -32.5474893
45.7057200 -98.7579712 95.6415181
-70.7937200 -15.0525623 -99.2801385
-8.1545920 -36.7839565 -78.8351205
41.8706952 75.8589721 -97.2220438
-56.6119603 -14.7782506 -66.2915353
79.8004290 14.4469830 -7.8969311
59.0817549 -32.4184962 48.0326748
-30.3302310 -26.0359317 -21.3995259
8.3439827 -51.0608076 -46.8472583
-97.6307860 20.8406751 23.8078281
46.7542793 -28.5438406 -63.1209133
51.0975480 -59.3665360 -33.9309793
-62.9409242 -10.3970655 -14.0523658
30.5178861 -16.8964551 72.5842054
97.2008687 70.8637905 -13.1193338
1.3109374 -26.6230987 66.8138714
9.1418666 -69.4247490 -92.7596334
87.3675137 35.0254254 -46.4905708
2.8629957 19.9310837 -90.3963219
-9.0812530 -35.5312217 90.2768985
-82.1230095 87.3927762 81.7294806
-25.6861548 59.9704815 13.2840100
-53.7098570 96.4249710 -14.7745061
-10.4662226 -21.6121109 -60.5315360
-78.8836839 76.2247671 -2.1578650
-7.3942888 21.8757784 88.9287999
76.7012498 5.1821714 91.3881570
-0.3197097 -93.7216517 24.2291912
46.0147132 -93.3423545 95.2735293
-15.9010426 6.1056670 8.6949769
72.0860081 25.9172586 -64.7326535
5.4432085 -99.0820706 83.7314008
91.9243440 87.1825483 -22.2462578
-34.9378592 91.6163333 -6.7375139
-37.2583478 -73.4452941 -53.7197232
66.3777295 -22.2437534 -13.0547393
-0.9070263 -78.9933585 87.3533902
-0.7380710 -20.5355792 -82.5093300
91.7703522 -18.1577854 70.4334572
-69.3034990 -14.2290548 -68.7455981
80.1254546 -70.4645513 -68.1343055
-85.0826398 -12.6147213 43.5251991
63.3091483 -13.0946058 71.1130888
-15.0934260 64.8706551 -7.7054960
56.4585058 33.4271844 -69.4255974
-66.1554191 57.3632573 66.4906431
78.1359572 -79.1814945 33.4919339
-2.3624672 7.4955951 -96.8656845
62.2649442 -77.1080886 -73.9445652
1.6638015 74.2938870 55.3460310
-91.9333402 -2.4983042 88.6344518
-37.1731609 9.8723764 -88.1172932
37.0664899 -4.6852648 82.6159632
28.1466624 71.5230330 78.4650622
-96.0598178 -98.9435290 -44.1227316
-26.8849370 64.9252614 15.6860792
-2.4833377 95.5177705 -59.5827827
-43.4461529 66.9232250 27.9066303
-39.1825773 47.9878119 -74.8056081
17.1472863 -81.3149880 -6.8951361
-64.5853057 6.6584680 49.3879642
-23.8104951 0.1621051 6.0103950
-30.3074056 81.9067134 -7.6029265
-70.2692215 -35.2280942 -93.4492055
25.5877193 -86.1933208 -60.2943305
86.1282205 -82.9154218 83.5469193
-76.8274550 77.0259293 0.2674658
3.0225526 -8.2030217 -37.5620245
-16.1496522 -92.4049978 -88.1490871
14.5039234 -36.6526770 -98.0402763
-91.5009932 -83.3773296 -88.4935691
3.6833445 5.3863214 -26.0423427
46.6003946 10.5298380 -49.7880815
42.1515526 -56.5443396 30.1707942
-66.6220913 -20.7476896 24.6964196
-37.6288603 45.6379852 -98.5624911
36.0565837 21.9663058 4.3892694
-6.5922463 -92.2064193 47.7897171
-84.0663353 87.2430096 -27.2583457
-64.6109780 4.8335871 -96.2857840
-86.6512436 -60.7196975 5.5494869
-71.8040798 -57.3663515 -82.4233245
35.6674530 46.5363173 30.9898159
49.9885787 -97.6976644 -76.3275484
-3.0631099 63.6643639 -38.0645086
-4.3433954 76.1125833 -57.3521039
22.7132404 83.9431679 -81.8080152
-27.9910121 21.8525776 -63.1495518
48.8644814 75.4081247 -11.5668510
-34.3920814 77.4577792 -19.5239808
-31.7685161 -85.9532605 -91.1263966
-53.4394454 -79.4324622 -20.2777955
46.9043449 30.7144435 -72.8148459
53.6775280 98.3292482 -36.9362721
86.5916706 -32.5180637 -26.5951554
15.4442258 35.3258947 10.5880745
54.8983809 33.3253485 -9.6570068
62.6634680 -59.9915513 42.2675290
69.4182326 -7.0802024 -88.7723262
-4.2085969 -54.9994784 -46.8533377
-67.4020345 45.5544598 -11.1484980
-71.6647258 28.0442535 58.4596302
-93.6080411 77.7128615 92.6326918
-99.4122404 1.8150403 -32.4430767
3.0091257 -68.3620570 44.8576958
-30.5708223 -20.7919185 97.8977583
-22.2154144 90.9642315 83.3707047
59.4551790 -74.6714403 44.1569285
-15.5522062 55.5506935 32.0985729
5.9581082 -52.1335515 -10.1742211
42.7029282 -93.7947767 78.6466968
-26.7480837 3.2572949 8.9866966
-68.3770262 42.8477049 99.3330945
13.6528209 -13.1511891 44.9788275
88.6463717 -16.5347350 85.8895878
62.3336310 51.3496872 54.0420622
-2.0739945 -72.8686250 -57.5759035
11.8177760 -85.3894908 12.4692257
-49.1189730 22.5769857 -36.1151316
-84.2614424 52.3566226 -76.7524806
-48.5813803 -60.0216083 -71.6185042
-68.9223791 97.0896324 96.1996227
82.6080443 -68.3465190 -30.4660848
71.8291932 45.3524394 -35.1735253
62.0398085 -38.8700773 -35.7606655
8.1648497 92.5338770 -2.2968983
34.8174199 85.3803273 40.7900353
-24.0724754 44.9216970 -53.7495020
-30.3064411 -81.1063585 -55.6697835
13.3422900 72.3803428 55.8760529
74.6050021 -7.3124198 -71.6493835
29.1308412 88.0351424 -89.2947625
-81.0159096 3.3942507 -76.5467014
-80.3574436 94.6112109 98.1047167
2.6324371 -6.3710317 -0.9696027
65.3527733 78.1576979 -79.8370385
50.2792689 -20.2724734 91.1786379
24.1706021 88.7028105 -58.2212231
-62.4785644 2.4124225 23.9582117
42.0495288 -55.3626020 -61.3235483
-11.1975576 54.5291490 -12.4614247
50.5941531 4.9638120 -75.0880107
-57.8855471 -91.4205286 -95.9723872
-97.7407947 40.3417026 -51.6659891
58.4489829 67.1776730 -87.3624876
81.9096868 -82.1521849 -30.2246306
-69.4877485 -5.4162781 53.0690419
15.7884295 97.0568314 -66.4323077
22.6484490 35.1433183 12.9739395
-16.0559722 81.6148439 87.7217752
-96.0530964 -12.9793801 74.2905750
-72.0105113 -65.6930159 -5.2245665
-7.8265727 64.6324511 -92.6009247
-70.5549248 -40.8176435 55.6388786
23.9250163 -56.8772968 -27.4757011
54.0634539 49.3353973 -14.8832865
79.0305524 -78.4570406 -31.5050797
-81.7958610 77.4890210 54.7036035
-86.4214990 66.5619619 -18.9799550
-67.8447232 76.3169499 36.3944548
-86.8307801 -55.2336216 28.3087578
87.5811004 3.3183387 -95.9820859
-63.8112266 24.4405818 -55.8468261
97.5501982 71.9458584 83.2269698
-52.6069316 -13.1191316 57.6529541
-35.4643028 -83.6209668 57.7200513
-89.6735111 85.8847162 22.2054809
78.7757862 87.9807143 -45.1814480
-22.0185291 -90.4169667 14.3994899
-75.2769007 17.9955874 -77.0526246
-92.1706700 23.3769199 -15.5192911
-55.4986116 -31.9009090 -10.8542254
49.1549400 -88.8979383 -33.7391930
93.8637482 81.0187857 48.4599179
20.4641389 2.6685267 83.4162746
61.2239887 59.9949081 98.5410887
25.8600637 10.9838943 -50.5692735
65.3287440 65.1945800 -71.6001907
-9.8312540 -11.8627294 -37.8787116
-53.8011749 95.7760756 -55.9908402
-12.5027342 -73.2526594 41.4374737
-20.5048701 67.0995352 -68.8469579
35.4471147 78.8859594 23.3443038
88.3964502 44.0385356 95.7680158
81.1538556 94.7041467 88.1799792
-65.0210893 -20.2571758 -85.4741589
62.9484099 -2.1391399 66.2971828
-98.7479161 17.8876774 -10.7123963
48.9652750 -96.8747320 14.5967114
68.3547475 56.8815435 -36.8012678
-11.4003488 -83.5797786 -81.4699500
-84.3455148 55.1245661 -68.1630066
-87.1449419 -83.8164408 10.9324177
-65.5675275 45.1162390 47.2305132
-79.6304791 -34.5455931 62.0800450
-77.7651536 -57.0260030 51.9732409
37.9176940 -21.7129049 -71.0681894
-59.9949968 -41.6361311 -20.4152921
-99.8743118 -99.3184674 -57.4086240
27.3586416 3.2867981 47.6528960
7.7779285 -4.9311014 -61.4624265
17.6571615 59.9946256 -69.1560705
-98.6796232 99.7660199 27.3735575
-52.2316210 -86.0691785 -27.7952266
-39.5544476 -76.7650243 50.3672462
60.8221219 32.1709786 72.8504815
84.8999170 12.2537383 -45.0530269
84.5614156 -56.4114440 70.0888497
8.6185131 62.3601585 89.5518447
-10.7490667 -38.6842867 -20.5587224
-86.3717264 -78.3147047 22.6570835
-48.2877092 93.9852293 -68.0893744
8.7276966 -8.3801792 35.9458094
59.2766201 83.5860330 70.4051886
-90.6822809 94.8766856 99.5425823
13.2645672 -22.4041308 40.6438506
-81.8704535 -95.6851033 -67.3328601
-11.4411183 24.5492613 5.3471306
-1.3161309 -50.1884934 -98.3025767
79.1964920 -24.6685993 57.5551493
25.9271200 -31.8815488 47.8520356
-97.5539038 4.8431973 -85.2900624
-47.4264300 11.4745970 -25.4627659
-37.9365301 -92.7863758 21.2793537
-33.8871376 18.5148097 22.9973666
-40.6968775 -38.8031476 40.3486634
-52.8306366 -30.4182998 64.2751946
-67.2745806 -56.2179826 -65.2113094
-61.3798362 52.3382519 -97.8957525
6.1161944 -8.0545479 -26.7437791
13.7816264 60.4890433 23.7855282
-38.6180942 40.9039274 19.4310500
69.7611923 28.6903305 -51.8090135
-26.2889685 49.9162303 -42.1869683
69.5589270 63.5749883 41.1356264
47.8492781 65.2831650 9.8372168
-27.3998067 42.2073196 71.4507895
68.4385553 85.3118200 -92.6055593
-31.5073276 -7.6856744 28.1497952
77.8627738 -62.2834289 -73.3216537
-87.8815997 74.8829044 -11.9379465
36.8066311 0.1187343 73.7304355
45.6588311 -87.9321460 -32.7524521
1.7944498 26.7146056 -78.5282319
-17.2458491 64.3104765 45.1133587
-37.5814910 -13.7177416 51.5705461
-65.2778400 -63.2672625 0.2743827
-74.0411950 -82.2163222 74.0917534
